tests category
3499 25
999 25
1999 25
1499 25
3999 25
2499 25
2499 25
1999 25
1999 25
499 25
5499 25
499 25
1999 25
2999 25
1999 25
5499 25
2499 25
999 25
5499 25
1999 25
3999 25
3499 25
999 25
499 25
5499 25
1499 25
999 25
2999 25
999 25
1999 25
1499 25
2499 25
3499 25
999 25
1999 25
999 25
2999 25
1999 25
1499 25
2499 25
5499 25
1499 25
2999 25
999 25
2499 25
999 25
1999 25
1999 25
999 25
499 25
999 25
499 25
1999 25
1499 25
499 25
999 25
2999 25
999 25
999 25
1999 25
2499 25
999 25
1999 25
499 25
499 25
999 25
1999 25
999 25
499 25
1999 25
2999 25
2499 25
1999 25
1999 25
3999 25
499 25
999 25
999 25
999 25
999 25
1999 25
1499 25
3499 25
2999 25
2999 25
2999 25
1999 25
2499 25
3999 25
1499 25
999 25
2499 25
999 25
2999 25
3999 25
999 25
3499 25
1499 25
999 25
1499 25
1499 50
5999 50
1499 50
2999 50
4499 50
2999 50
2999 50
2999 50
1499 50
1499 50
2999 50
2999 50
1499 50
4499 50
2999 50
1499 50
1499 50
2999 50
1499 50
1499 50
2999 50
1499 50
2999 50
1499 50
2999 50
2999 50
1499 50
1499 50
2999 50
2999 50
2999 50
1499 50
2999 50
1499 50
2999 50
2999 50
1499 50
2999 50
1499 50
2999 50
2999 50
2999 50
2999 50
4499 50
2999 50
1499 50
1499 50
1499 50
2999 50
2999 50
2999 50
1499 50
1499 50
1499 50
2999 50
1499 50
5999 50
2999 50
2999 50
1499 50
2999 50
2999 50
2999 50
1499 50
4499 50
1499 50
2999 50
4499 50
1499 50
2999 50
1499 50
1499 50
2999 50
2999 50
2999 50
5999 50
1499 50
5999 50
1499 50
2999 50
1499 50
1499 50
2999 50
2999 50
1499 50
2999 50
1499 50
2999 50
2999 50
1499 50
2999 50
2999 50
1499 50
5999 50
2999 50
2999 50
1499 50
2999 50
2999 50
1499 50
1999 75
1999 75
1999 75
3999 75
3999 75
1999 75
3999 75
3999 75
2999 75
3999 75
7999 75
3999 75
2999 75
2999 75
1999 75
3999 75
3999 75
3999 75
3999 75
3999 75
2999 75
3999 75
3999 75
2999 75
1999 75
1999 75
2999 75
3999 75
3999 75
5999 75
3999 75
1999 75
3999 75
1999 75
3999 75
1999 75
1999 75
3999 75
2999 75
1999 75
3999 75
7999 75
2999 75
7999 75
3999 75
3999 75
3999 75
3999 75
1999 75
3999 75
1999 75
1999 75
2999 75
3999 75
3999 75
3999 75
3999 75
5999 75
3999 75
3999 75
3999 75
3999 75
3999 75
2999 75
1999 75
1999 75
1999 75
3999 75
1999 75
7999 75
1999 75
1999 75
2999 75
3999 75
2999 75
2999 75
3999 75
5999 75
2999 75
3999 75
2999 75
1999 75
3999 75
2999 75
7999 75
2999 75
3999 75
3999 75
3999 75
5999 75
5999 75
2999 75
2999 75
3999 75
3999 75
1999 75
2999 75
3999 75
1999 75
1999 75
1999 100
7999 100
1999 100
2999 100
7999 100
2999 100
7999 100
5999 100
5999 100
5999 100
5999 100
1999 100
1999 100
5999 100
3999 100
2999 100
5999 100
2999 100
1999 100
1999 100
7999 100
8999 100
3999 100
3999 100
1999 100
7999 100
2999 100
5999 100
5999 100
5999 100
2999 100
5999 100
1999 100
1999 100
5999 100
1999 100
5999 100
1999 100
2999 100
6999 100
5999 100
3999 100
5999 100
7999 100
2999 100
5999 100
5999 100
3999 100
1999 100
7999 100
6999 100
2999 100
5999 100
3999 100
1999 100
2999 100
5999 100
1999 100
5999 100
7999 100
6999 100
5999 100
1999 100
5999 100
7999 100
5999 100
5999 100
5999 100
3999 100
1999 100
2999 100
3999 100
1999 100
7999 100
2999 100
8999 100
3999 100
8999 100
8999 100
1999 100
5999 100
6999 100
5999 100
3999 100
2999 100
5999 100
5999 100
5999 100
3999 100
8999 100
3999 100
5999 100
2999 100
1999 100
1999 100
2999 100
3999 100
3999 100
3999 100
6999 100
