tests distance
3499 001
999 001
1999 001
1499 001
3999 001
2499 001
2499 001
1999 001
1999 001
499 001
5499 001
499 001
1999 001
2999 001
1999 001
5499 001
2499 001
999 001
5499 001
1999 001
3999 001
3499 001
999 001
499 001
5499 001
1499 001
999 001
2999 001
999 001
1999 001
1499 001
2499 001
3499 001
999 001
1999 001
999 001
2999 001
1999 001
1499 001
2499 001
5499 001
1499 001
2999 001
999 001
2499 001
999 001
1999 001
1999 001
999 001
499 001
999 001
499 001
1999 001
1499 001
499 001
999 001
2999 001
999 001
999 001
1999 001
2499 001
999 001
1999 001
499 001
499 001
999 001
1999 001
999 001
499 001
1999 001
2999 001
2499 001
1999 001
1999 001
3999 001
499 001
999 001
999 001
999 001
999 001
1999 001
1499 001
3499 001
2999 001
2999 001
2999 001
1999 001
2499 001
3999 001
1499 001
999 001
2499 001
999 001
2999 001
3999 001
999 001
3499 001
1499 001
999 001
1499 001
1999 002
2499 002
2499 002
1499 002
1499 002
1999 002
1999 002
2499 002
1999 002
1499 002
1499 002
1999 002
1999 002
1499 002
1999 002
1999 002
1999 002
2499 002
1499 002
2499 002
1499 002
2499 002
1499 002
1499 002
1999 002
1999 002
1999 002
2499 002
1999 002
1499 002
1999 002
1499 002
2499 002
2499 002
2499 002
1499 002
1999 002
1999 002
1999 002
1999 002
2499 002
1499 002
2499 002
2499 002
1499 002
2499 002
2499 002
1499 002
1499 002
2499 002
1999 002
1499 002
1999 002
1499 002
1499 002
1499 002
1999 002
1499 002
1499 002
2499 002
1999 002
1999 002
1499 002
1499 002
1999 002
1499 002
2499 002
1499 002
1499 002
2499 002
1499 002
1499 002
2499 002
1999 002
2499 002
2499 002
2499 002
2499 002
1999 002
1999 002
1999 002
1999 002
2499 002
1499 002
1999 002
2499 002
2499 002
1499 002
2499 002
1499 002
1999 002
1999 002
1999 002
1999 002
2499 002
1999 002
1499 002
1499 002
2499 002
1499 002
999 004
999 004
999 004
999 004
1499 004
999 004
999 004
999 004
999 004
999 004
999 004
1499 004
1499 004
999 004
1499 004
999 004
999 004
1499 004
1499 004
999 004
999 004
999 004
999 004
999 004
999 004
999 004
999 004
1499 004
999 004
999 004
999 004
999 004
999 004
999 004
999 004
999 004
999 004
999 004
999 004
999 004
1499 004
999 004
999 004
999 004
1499 004
1499 004
999 004
999 004
999 004
999 004
999 004
999 004
999 004
1499 004
1499 004
1499 004
999 004
999 004
999 004
999 004
999 004
1499 004
999 004
999 004
999 004
999 004
999 004
999 004
999 004
1499 004
999 004
1499 004
999 004
999 004
999 004
999 004
1499 004
999 004
999 004
999 004
999 004
999 004
999 004
1499 004
999 004
999 004
999 004
1499 004
1499 004
1499 004
999 004
1499 004
999 004
1499 004
999 004
1499 004
999 004
999 004
999 004
1499 004
499 008
499 008
499 008
499 008
499 008
499 008
499 008
499 008
499 008
499 008
499 008
499 008
499 008
499 008
499 008
499 008
499 008
499 008
499 008
499 008
499 008
499 008
499 008
499 008
499 008
499 008
499 008
499 008
499 008
499 008
499 008
499 008
499 008
499 008
499 008
499 008
499 008
499 008
499 008
499 008
499 008
499 008
499 008
499 008
499 008
499 008
499 008
499 008
499 008
499 008
499 008
499 008
499 008
499 008
499 008
499 008
499 008
499 008
499 008
499 008
499 008
499 008
499 008
499 008
499 008
499 008
499 008
499 008
499 008
499 008
499 008
499 008
499 008
499 008
499 008
499 008
499 008
499 008
499 008
499 008
499 008
499 008
499 008
499 008
499 008
499 008
499 008
499 008
499 008
499 008
499 008
499 008
499 008
499 008
499 008
499 008
499 008
499 008
499 008
499 008
499 016
499 016
499 016
499 016
499 016
499 016
499 016
499 016
499 016
499 016
499 016
499 016
499 016
499 016
499 016
499 016
499 016
499 016
499 016
499 016
499 016
499 016
499 016
499 016
499 016
499 016
499 016
499 016
499 016
499 016
499 016
499 016
499 016
499 016
499 016
499 016
499 016
499 016
499 016
499 016
499 016
499 016
499 016
499 016
499 016
499 016
499 016
499 016
499 016
499 016
499 016
499 016
499 016
499 016
499 016
499 016
499 016
499 016
499 016
499 016
499 016
499 016
499 016
499 016
499 016
499 016
499 016
499 016
499 016
499 016
499 016
499 016
499 016
499 016
499 016
499 016
499 016
499 016
499 016
499 016
499 016
499 016
499 016
499 016
499 016
499 016
499 016
499 016
499 016
499 016
499 016
499 016
499 016
499 016
499 016
499 016
499 016
499 016
499 016
499 016
