tests category
1999 25
2499 25
2499 25
1499 25
1499 25
1999 25
1999 25
2499 25
1999 25
1499 25
1499 25
1999 25
1999 25
1499 25
1999 25
1999 25
1999 25
2499 25
1499 25
2499 25
1499 25
2499 25
1499 25
1499 25
1999 25
1999 25
1999 25
2499 25
1999 25
1499 25
1999 25
1499 25
2499 25
2499 25
2499 25
1499 25
1999 25
1999 25
1999 25
1999 25
2499 25
1499 25
2499 25
2499 25
1499 25
2499 25
2499 25
1499 25
1499 25
2499 25
1999 25
1499 25
1999 25
1499 25
1499 25
1499 25
1999 25
1499 25
1499 25
2499 25
1999 25
1999 25
1499 25
1499 25
1999 25
1499 25
2499 25
1499 25
1499 25
2499 25
1499 25
1499 25
2499 25
1999 25
2499 25
2499 25
2499 25
2499 25
1999 25
1999 25
1999 25
1999 25
2499 25
1499 25
1999 25
2499 25
2499 25
1499 25
2499 25
1499 25
1999 25
1999 25
1999 25
1999 25
2499 25
1999 25
1499 25
1499 25
2499 25
1499 25
1999 50
2999 50
2999 50
1999 50
1999 50
2499 50
3999 50
1999 50
1999 50
1999 50
2499 50
1999 50
1999 50
2999 50
1999 50
1999 50
1999 50
1999 50
1999 50
1999 50
2999 50
2999 50
1999 50
2999 50
1999 50
2999 50
1999 50
1999 50
2499 50
1999 50
2499 50
3999 50
3999 50
1999 50
2499 50
1999 50
1999 50
1999 50
3999 50
2999 50
1999 50
3999 50
2999 50
2999 50
2999 50
2499 50
1999 50
2499 50
2999 50
1999 50
1999 50
1999 50
2999 50
1999 50
2999 50
2999 50
1999 50
2999 50
1999 50
3999 50
1999 50
2499 50
1999 50
1999 50
2999 50
1999 50
2999 50
2999 50
1999 50
2499 50
2499 50
1999 50
2999 50
1999 50
1999 50
2999 50
1999 50
1999 50
2499 50
1999 50
3999 50
3999 50
3999 50
2999 50
1999 50
1999 50
2499 50
2999 50
3999 50
2999 50
2499 50
2499 50
1999 50
1999 50
1999 50
1999 50
2999 50
2499 50
1999 50
1999 50
2999 75
2499 75
2499 75
2999 75
3999 75
3499 75
2499 75
1999 75
2499 75
2999 75
2499 75
2999 75
2499 75
2499 75
1999 75
1999 75
2499 75
2999 75
2499 75
2499 75
1999 75
2499 75
3499 75
2499 75
2499 75
2999 75
2499 75
2499 75
2999 75
2999 75
2999 75
2499 75
2999 75
3999 75
2999 75
2499 75
2999 75
2499 75
2499 75
3499 75
2499 75
2499 75
2999 75
3499 75
2999 75
3999 75
2499 75
3499 75
2499 75
2499 75
3999 75
2999 75
3999 75
2499 75
2999 75
2499 75
2999 75
3499 75
2499 75
3499 75
3999 75
3499 75
3499 75
2499 75
2499 75
2499 75
2499 75
3499 75
3999 75
3999 75
3999 75
2999 75
2999 75
2499 75
3499 75
2499 75
2499 75
3999 75
3499 75
1999 75
3499 75
2499 75
2499 75
3499 75
2999 75
2999 75
2499 75
3499 75
2999 75
3499 75
3499 75
2999 75
3499 75
2499 75
3499 75
3499 75
2499 75
2999 75
2999 75
2499 75
2999 100
4999 100
3499 100
4499 100
2999 100
2999 100
2999 100
2999 100
4999 100
2999 100
2999 100
2999 100
2999 100
2999 100
3499 100
3499 100
4499 100
2499 100
2999 100
2499 100
2999 100
4499 100
3499 100
3499 100
2999 100
3499 100
4999 100
2499 100
2999 100
3499 100
4999 100
3499 100
4499 100
4499 100
2999 100
3499 100
2999 100
2999 100
2999 100
3499 100
2999 100
3499 100
4999 100
3499 100
3499 100
3499 100
3499 100
4999 100
2999 100
2999 100
3499 100
4999 100
4999 100
4499 100
2999 100
2999 100
4499 100
3499 100
4499 100
2999 100
4499 100
4499 100
2999 100
3499 100
4499 100
4999 100
2999 100
3499 100
2999 100
2999 100
2999 100
2999 100
4499 100
3499 100
2999 100
2999 100
2499 100
2999 100
4999 100
2999 100
3499 100
2999 100
4499 100
4499 100
4499 100
2999 100
2999 100
3499 100
2999 100
3499 100
2999 100
3499 100
2999 100
2999 100
2999 100
3499 100
2999 100
2499 100
2999 100
2999 100
