tests distance
1999 001
7999 001
1999 001
2999 001
7999 001
2999 001
7999 001
5999 001
5999 001
5999 001
5999 001
1999 001
1999 001
5999 001
3999 001
2999 001
5999 001
2999 001
1999 001
1999 001
7999 001
8999 001
3999 001
3999 001
1999 001
7999 001
2999 001
5999 001
5999 001
5999 001
2999 001
5999 001
1999 001
1999 001
5999 001
1999 001
5999 001
1999 001
2999 001
6999 001
5999 001
3999 001
5999 001
7999 001
2999 001
5999 001
5999 001
3999 001
1999 001
7999 001
6999 001
2999 001
5999 001
3999 001
1999 001
2999 001
5999 001
1999 001
5999 001
7999 001
6999 001
5999 001
1999 001
5999 001
7999 001
5999 001
5999 001
5999 001
3999 001
1999 001
2999 001
3999 001
1999 001
7999 001
2999 001
8999 001
3999 001
8999 001
8999 001
1999 001
5999 001
6999 001
5999 001
3999 001
2999 001
5999 001
5999 001
5999 001
3999 001
8999 001
3999 001
5999 001
2999 001
1999 001
1999 001
2999 001
3999 001
3999 001
3999 001
6999 001
2999 002
4999 002
3499 002
4499 002
2999 002
2999 002
2999 002
2999 002
4999 002
2999 002
2999 002
2999 002
2999 002
2999 002
3499 002
3499 002
4499 002
2499 002
2999 002
2499 002
2999 002
4499 002
3499 002
3499 002
2999 002
3499 002
4999 002
2499 002
2999 002
3499 002
4999 002
3499 002
4499 002
4499 002
2999 002
3499 002
2999 002
2999 002
2999 002
3499 002
2999 002
3499 002
4999 002
3499 002
3499 002
3499 002
3499 002
4999 002
2999 002
2999 002
3499 002
4999 002
4999 002
4499 002
2999 002
2999 002
4499 002
3499 002
4499 002
2999 002
4499 002
4499 002
2999 002
3499 002
4499 002
4999 002
2999 002
3499 002
2999 002
2999 002
2999 002
2999 002
4499 002
3499 002
2999 002
2999 002
2499 002
2999 002
4999 002
2999 002
3499 002
2999 002
4499 002
4499 002
4499 002
2999 002
2999 002
3499 002
2999 002
3499 002
2999 002
3499 002
2999 002
2999 002
2999 002
3499 002
2999 002
2499 002
2999 002
2999 002
1999 004
1999 004
2499 004
2499 004
2499 004
2499 004
2499 004
2499 004
2999 004
2499 004
2499 004
2499 004
2499 004
2499 004
2499 004
1999 004
2499 004
1999 004
2499 004
2499 004
2499 004
2499 004
2499 004
2499 004
1999 004
2499 004
2499 004
2499 004
2499 004
2499 004
2499 004
2499 004
2499 004
1999 004
2999 004
2499 004
2499 004
2499 004
2499 004
2499 004
1999 004
2499 004
2499 004
2499 004
2499 004
2499 004
1999 004
1999 004
2499 004
2499 004
1999 004
1999 004
2499 004
2499 004
1999 004
1999 004
2499 004
1999 004
1999 004
2999 004
2499 004
2999 004
1999 004
1999 004
1999 004
2499 004
2499 004
2499 004
2499 004
2499 004
2499 004
2499 004
2499 004
1999 004
2499 004
2499 004
1999 004
2499 004
2499 004
2499 004
1999 004
2499 004
2499 004
2499 004
2499 004
1999 004
1999 004
2499 004
2499 004
2499 004
2499 004
1999 004
1999 004
2499 004
2999 004
2499 004
2499 004
2499 004
2499 004
2499 004
1999 008
1999 008
1999 008
1999 008
1999 008
1999 008
1999 008
1999 008
1999 008
1999 008
1999 008
1999 008
1999 008
1999 008
1999 008
1999 008
1999 008
1999 008
1999 008
1999 008
1999 008
1999 008
1999 008
1999 008
1999 008
1999 008
1999 008
1999 008
1999 008
1999 008
1999 008
1999 008
1999 008
1999 008
1999 008
1999 008
1999 008
1999 008
1999 008
1999 008
1999 008
1999 008
1999 008
1999 008
1999 008
1999 008
1999 008
1999 008
1999 008
1999 008
1999 008
1999 008
1999 008
1999 008
1999 008
1999 008
1999 008
1999 008
1999 008
1999 008
1999 008
1999 008
1999 008
1999 008
1999 008
1999 008
1999 008
1999 008
1999 008
1999 008
1999 008
1999 008
1999 008
1999 008
1999 008
1999 008
1999 008
1999 008
1999 008
1999 008
1999 008
1999 008
1999 008
1999 008
1999 008
1999 008
1999 008
1999 008
1999 008
1999 008
1999 008
1999 008
1999 008
1999 008
1999 008
1999 008
1999 008
1999 008
1999 008
1999 008
1999 016
1999 016
1999 016
1999 016
1999 016
1999 016
1999 016
1999 016
1999 016
1999 016
1999 016
1999 016
1999 016
1999 016
1999 016
1999 016
1999 016
1999 016
1999 016
1999 016
1999 016
1999 016
1999 016
1999 016
1999 016
1999 016
1999 016
1999 016
1999 016
1999 016
1999 016
1999 016
1999 016
1999 016
1999 016
1999 016
1999 016
1999 016
1999 016
1999 016
1999 016
1999 016
1999 016
1999 016
1999 016
1999 016
1999 016
1999 016
1999 016
1999 016
1999 016
1999 016
1999 016
1999 016
1999 016
1999 016
1999 016
1999 016
1999 016
1999 016
1999 016
1999 016
1999 016
1999 016
1999 016
1999 016
1999 016
1999 016
1999 016
1999 016
1999 016
1999 016
1999 016
1999 016
1999 016
1999 016
1999 016
1999 016
1999 016
1999 016
1999 016
1999 016
1999 016
1999 016
1999 016
1999 016
1999 016
1999 016
1999 016
1999 016
1999 016
1999 016
1999 016
1999 016
1999 016
1999 016
1999 016
1999 016
1999 016
1999 016
