tests category
999 25
999 25
999 25
999 25
1499 25
999 25
999 25
999 25
999 25
999 25
999 25
1499 25
1499 25
999 25
1499 25
999 25
999 25
1499 25
1499 25
999 25
999 25
999 25
999 25
999 25
999 25
999 25
999 25
1499 25
999 25
999 25
999 25
999 25
999 25
999 25
999 25
999 25
999 25
999 25
999 25
999 25
1499 25
999 25
999 25
999 25
1499 25
1499 25
999 25
999 25
999 25
999 25
999 25
999 25
999 25
1499 25
1499 25
1499 25
999 25
999 25
999 25
999 25
999 25
1499 25
999 25
999 25
999 25
999 25
999 25
999 25
999 25
1499 25
999 25
1499 25
999 25
999 25
999 25
999 25
1499 25
999 25
999 25
999 25
999 25
999 25
999 25
1499 25
999 25
999 25
999 25
1499 25
1499 25
1499 25
999 25
1499 25
999 25
1499 25
999 25
1499 25
999 25
999 25
999 25
1499 25
1499 50
1499 50
1499 50
1499 50
1499 50
1999 50
1999 50
1999 50
1999 50
1499 50
1499 50
1499 50
1999 50
1999 50
1499 50
999 50
1499 50
1499 50
1999 50
1999 50
1499 50
1499 50
1499 50
1499 50
1999 50
1999 50
999 50
1499 50
1499 50
1499 50
1499 50
1499 50
1499 50
1499 50
1499 50
1499 50
1499 50
1999 50
999 50
1499 50
1499 50
1499 50
1499 50
1499 50
1999 50
1499 50
999 50
1499 50
1499 50
1999 50
1499 50
1999 50
999 50
999 50
1999 50
1999 50
1499 50
1499 50
1999 50
1499 50
1499 50
1999 50
1499 50
1499 50
1999 50
1499 50
1999 50
1499 50
1999 50
1499 50
999 50
999 50
1999 50
1999 50
1999 50
1499 50
1499 50
1499 50
1999 50
1499 50
1499 50
1499 50
999 50
1999 50
1499 50
1499 50
1499 50
1499 50
1499 50
999 50
1499 50
1999 50
1499 50
1499 50
1999 50
1499 50
1499 50
1499 50
1999 50
1999 50
1999 75
1499 75
1999 75
1999 75
1999 75
1499 75
1999 75
1999 75
1499 75
1999 75
1499 75
1999 75
1999 75
1999 75
1999 75
1999 75
1999 75
1999 75
1999 75
1999 75
1999 75
1999 75
1999 75
1499 75
1999 75
1999 75
1999 75
1999 75
1999 75
1499 75
1999 75
1999 75
1999 75
1999 75
1999 75
1499 75
1999 75
1999 75
1999 75
1999 75
1999 75
1999 75
1499 75
1999 75
1999 75
1999 75
1999 75
1999 75
1499 75
1999 75
1999 75
1499 75
1999 75
1499 75
1999 75
1999 75
1499 75
1999 75
1999 75
1999 75
1499 75
1999 75
1499 75
1499 75
1999 75
1999 75
1999 75
1999 75
1499 75
1999 75
1999 75
1499 75
1999 75
1499 75
1999 75
1999 75
1999 75
1999 75
1999 75
1999 75
1499 75
1499 75
1499 75
1499 75
1999 75
1499 75
1999 75
1999 75
1999 75
1499 75
1999 75
1999 75
1999 75
1999 75
1999 75
1999 75
1999 75
1999 75
1499 75
1999 75
1999 100
1999 100
2499 100
2499 100
2499 100
2499 100
2499 100
2499 100
2999 100
2499 100
2499 100
2499 100
2499 100
2499 100
2499 100
1999 100
2499 100
1999 100
2499 100
2499 100
2499 100
2499 100
2499 100
2499 100
1999 100
2499 100
2499 100
2499 100
2499 100
2499 100
2499 100
2499 100
2499 100
1999 100
2999 100
2499 100
2499 100
2499 100
2499 100
2499 100
1999 100
2499 100
2499 100
2499 100
2499 100
2499 100
1999 100
1999 100
2499 100
2499 100
1999 100
1999 100
2499 100
2499 100
1999 100
1999 100
2499 100
1999 100
1999 100
2999 100
2499 100
2999 100
1999 100
1999 100
1999 100
2499 100
2499 100
2499 100
2499 100
2499 100
2499 100
2499 100
2499 100
1999 100
2499 100
2499 100
1999 100
2499 100
2499 100
2499 100
1999 100
2499 100
2499 100
2499 100
2499 100
1999 100
1999 100
2499 100
2499 100
2499 100
2499 100
1999 100
1999 100
2499 100
2999 100
2499 100
2499 100
2499 100
2499 100
2499 100
