tests distance
1999 001
1999 001
1999 001
3999 001
3999 001
1999 001
3999 001
3999 001
2999 001
3999 001
7999 001
3999 001
2999 001
2999 001
1999 001
3999 001
3999 001
3999 001
3999 001
3999 001
2999 001
3999 001
3999 001
2999 001
1999 001
1999 001
2999 001
3999 001
3999 001
5999 001
3999 001
1999 001
3999 001
1999 001
3999 001
1999 001
1999 001
3999 001
2999 001
1999 001
3999 001
7999 001
2999 001
7999 001
3999 001
3999 001
3999 001
3999 001
1999 001
3999 001
1999 001
1999 001
2999 001
3999 001
3999 001
3999 001
3999 001
5999 001
3999 001
3999 001
3999 001
3999 001
3999 001
2999 001
1999 001
1999 001
1999 001
3999 001
1999 001
7999 001
1999 001
1999 001
2999 001
3999 001
2999 001
2999 001
3999 001
5999 001
2999 001
3999 001
2999 001
1999 001
3999 001
2999 001
7999 001
2999 001
3999 001
3999 001
3999 001
5999 001
5999 001
2999 001
2999 001
3999 001
3999 001
1999 001
2999 001
3999 001
1999 001
1999 001
2999 002
2499 002
2499 002
2999 002
3999 002
3499 002
2499 002
1999 002
2499 002
2999 002
2499 002
2999 002
2499 002
2499 002
1999 002
1999 002
2499 002
2999 002
2499 002
2499 002
1999 002
2499 002
3499 002
2499 002
2499 002
2999 002
2499 002
2499 002
2999 002
2999 002
2999 002
2499 002
2999 002
3999 002
2999 002
2499 002
2999 002
2499 002
2499 002
3499 002
2499 002
2499 002
2999 002
3499 002
2999 002
3999 002
2499 002
3499 002
2499 002
2499 002
3999 002
2999 002
3999 002
2499 002
2999 002
2499 002
2999 002
3499 002
2499 002
3499 002
3999 002
3499 002
3499 002
2499 002
2499 002
2499 002
2499 002
3499 002
3999 002
3999 002
3999 002
2999 002
2999 002
2499 002
3499 002
2499 002
2499 002
3999 002
3499 002
1999 002
3499 002
2499 002
2499 002
3499 002
2999 002
2999 002
2499 002
3499 002
2999 002
3499 002
3499 002
2999 002
3499 002
2499 002
3499 002
3499 002
2499 002
2999 002
2999 002
2499 002
1999 004
1499 004
1999 004
1999 004
1999 004
1499 004
1999 004
1999 004
1499 004
1999 004
1499 004
1999 004
1999 004
1999 004
1999 004
1999 004
1999 004
1999 004
1999 004
1999 004
1999 004
1999 004
1999 004
1499 004
1999 004
1999 004
1999 004
1999 004
1999 004
1499 004
1999 004
1999 004
1999 004
1999 004
1999 004
1499 004
1999 004
1999 004
1999 004
1999 004
1999 004
1999 004
1499 004
1999 004
1999 004
1999 004
1999 004
1999 004
1499 004
1999 004
1999 004
1499 004
1999 004
1499 004
1999 004
1999 004
1499 004
1999 004
1999 004
1999 004
1499 004
1999 004
1499 004
1499 004
1999 004
1999 004
1999 004
1999 004
1499 004
1999 004
1999 004
1499 004
1999 004
1499 004
1999 004
1999 004
1999 004
1999 004
1999 004
1999 004
1499 004
1499 004
1499 004
1499 004
1999 004
1499 004
1999 004
1999 004
1999 004
1499 004
1999 004
1999 004
1999 004
1999 004
1999 004
1999 004
1999 004
1999 004
1499 004
1999 004
1499 008
1499 008
1499 008
1499 008
1499 008
1499 008
1499 008
1499 008
1499 008
1499 008
1499 008
1499 008
1499 008
1499 008
1499 008
1499 008
1499 008
1499 008
1499 008
1499 008
1499 008
1499 008
1499 008
1499 008
1499 008
1499 008
1499 008
1499 008
1499 008
1499 008
1499 008
1499 008
1499 008
1499 008
1499 008
1499 008
1499 008
1499 008
1499 008
1499 008
1499 008
1499 008
1499 008
1499 008
1499 008
1499 008
1499 008
1499 008
1499 008
1499 008
1499 008
1499 008
1499 008
1499 008
1499 008
1499 008
1499 008
1499 008
1499 008
1499 008
1499 008
1499 008
1499 008
1499 008
1499 008
1499 008
1499 008
1499 008
1499 008
1499 008
1499 008
1499 008
1499 008
1499 008
1499 008
1499 008
1499 008
1499 008
1499 008
1499 008
1499 008
1499 008
1499 008
1499 008
1499 008
1499 008
1499 008
1499 008
1499 008
1499 008
1499 008
1499 008
1499 008
1499 008
1499 008
1499 008
1499 008
1499 008
1499 008
1499 008
1499 016
1499 016
1499 016
1499 016
1499 016
1499 016
1499 016
1499 016
1499 016
1499 016
1499 016
1499 016
1499 016
1499 016
1499 016
1499 016
1499 016
1499 016
1499 016
1499 016
1499 016
1499 016
1499 016
1499 016
1499 016
1499 016
1499 016
1499 016
1499 016
1499 016
1499 016
1499 016
1499 016
1499 016
1499 016
1499 016
1499 016
1499 016
1499 016
1499 016
1499 016
1499 016
1499 016
1499 016
1499 016
1499 016
1499 016
1499 016
1499 016
1499 016
1499 016
1499 016
1499 016
1499 016
1499 016
1499 016
1499 016
1499 016
1499 016
1499 016
1499 016
1499 016
1499 016
1499 016
1499 016
1499 016
1499 016
1499 016
1499 016
1499 016
1499 016
1499 016
1499 016
1499 016
1499 016
1499 016
1499 016
1499 016
1499 016
1499 016
1499 016
1499 016
1499 016
1499 016
1499 016
1499 016
1499 016
1499 016
1499 016
1499 016
1499 016
1499 016
1499 016
1499 016
1499 016
1499 016
1499 016
1499 016
1499 016
1499 016
