tests distance
1499 001
5999 001
1499 001
2999 001
4499 001
2999 001
2999 001
2999 001
1499 001
1499 001
2999 001
2999 001
1499 001
4499 001
2999 001
1499 001
1499 001
2999 001
1499 001
1499 001
2999 001
1499 001
2999 001
1499 001
2999 001
2999 001
1499 001
1499 001
2999 001
2999 001
2999 001
1499 001
2999 001
1499 001
2999 001
2999 001
1499 001
2999 001
1499 001
2999 001
2999 001
2999 001
2999 001
4499 001
2999 001
1499 001
1499 001
1499 001
2999 001
2999 001
2999 001
1499 001
1499 001
1499 001
2999 001
1499 001
5999 001
2999 001
2999 001
1499 001
2999 001
2999 001
2999 001
1499 001
4499 001
1499 001
2999 001
4499 001
1499 001
2999 001
1499 001
1499 001
2999 001
2999 001
2999 001
5999 001
1499 001
5999 001
1499 001
2999 001
1499 001
1499 001
2999 001
2999 001
1499 001
2999 001
1499 001
2999 001
2999 001
1499 001
2999 001
2999 001
1499 001
5999 001
2999 001
2999 001
1499 001
2999 001
2999 001
1499 001
1999 002
2999 002
2999 002
1999 002
1999 002
2499 002
3999 002
1999 002
1999 002
1999 002
2499 002
1999 002
1999 002
2999 002
1999 002
1999 002
1999 002
1999 002
1999 002
1999 002
2999 002
2999 002
1999 002
2999 002
1999 002
2999 002
1999 002
1999 002
2499 002
1999 002
2499 002
3999 002
3999 002
1999 002
2499 002
1999 002
1999 002
1999 002
3999 002
2999 002
1999 002
3999 002
2999 002
2999 002
2999 002
2499 002
1999 002
2499 002
2999 002
1999 002
1999 002
1999 002
2999 002
1999 002
2999 002
2999 002
1999 002
2999 002
1999 002
3999 002
1999 002
2499 002
1999 002
1999 002
2999 002
1999 002
2999 002
2999 002
1999 002
2499 002
2499 002
1999 002
2999 002
1999 002
1999 002
2999 002
1999 002
1999 002
2499 002
1999 002
3999 002
3999 002
3999 002
2999 002
1999 002
1999 002
2499 002
2999 002
3999 002
2999 002
2499 002
2499 002
1999 002
1999 002
1999 002
1999 002
2999 002
2499 002
1999 002
1999 002
1499 004
1499 004
1499 004
1499 004
1499 004
1999 004
1999 004
1999 004
1999 004
1499 004
1499 004
1499 004
1999 004
1999 004
1499 004
999 004
1499 004
1499 004
1999 004
1999 004
1499 004
1499 004
1499 004
1499 004
1999 004
1999 004
999 004
1499 004
1499 004
1499 004
1499 004
1499 004
1499 004
1499 004
1499 004
1499 004
1499 004
1999 004
999 004
1499 004
1499 004
1499 004
1499 004
1499 004
1999 004
1499 004
999 004
1499 004
1499 004
1999 004
1499 004
1999 004
999 004
999 004
1999 004
1999 004
1499 004
1499 004
1999 004
1499 004
1499 004
1999 004
1499 004
1499 004
1999 004
1499 004
1999 004
1499 004
1999 004
1499 004
999 004
999 004
1999 004
1999 004
1999 004
1499 004
1499 004
1499 004
1999 004
1499 004
1499 004
1499 004
999 004
1999 004
1499 004
1499 004
1499 004
1499 004
1499 004
999 004
1499 004
1999 004
1499 004
1499 004
1999 004
1499 004
1499 004
1499 004
1999 004
1999 004
999 008
999 008
999 008
999 008
999 008
999 008
999 008
999 008
999 008
999 008
999 008
999 008
999 008
999 008
999 008
999 008
999 008
999 008
999 008
999 008
999 008
999 008
999 008
999 008
999 008
999 008
999 008
1499 008
999 008
999 008
999 008
999 008
999 008
999 008
999 008
999 008
999 008
999 008
999 008
999 008
999 008
999 008
999 008
999 008
999 008
999 008
999 008
999 008
999 008
999 008
999 008
999 008
999 008
999 008
999 008
999 008
999 008
999 008
1499 008
999 008
999 008
999 008
999 008
999 008
999 008
1499 008
999 008
999 008
999 008
999 008
999 008
999 008
999 008
999 008
999 008
999 008
999 008
999 008
999 008
999 008
1499 008
999 008
999 008
999 008
999 008
999 008
999 008
1499 008
999 008
999 008
999 008
999 008
999 008
999 008
999 008
999 008
999 008
999 008
999 008
999 008
999 016
999 016
999 016
999 016
999 016
999 016
999 016
999 016
999 016
999 016
999 016
999 016
999 016
999 016
999 016
999 016
999 016
999 016
999 016
999 016
999 016
999 016
999 016
999 016
999 016
999 016
999 016
999 016
999 016
999 016
999 016
999 016
999 016
999 016
999 016
999 016
999 016
999 016
999 016
999 016
999 016
999 016
999 016
999 016
999 016
999 016
999 016
999 016
999 016
999 016
999 016
999 016
999 016
999 016
999 016
999 016
999 016
999 016
999 016
999 016
999 016
999 016
999 016
999 016
999 016
999 016
999 016
999 016
999 016
999 016
999 016
999 016
999 016
999 016
999 016
999 016
999 016
999 016
999 016
999 016
999 016
999 016
999 016
999 016
999 016
999 016
999 016
999 016
999 016
999 016
999 016
999 016
999 016
999 016
999 016
999 016
999 016
999 016
999 016
999 016
